3007679
3001931
3009270
2574052
2570533
2588114
2525862
3000240
2574006
2475657
2540005
2563526
3001356
3002369
3002661
2570551
2523671
2589333
3003462
3004920
2557435
2563388
2569052
2998121
3003386
2997410
2480014
2998816
2510795
2573588
2498327
3002165
2585753
2315086
2462683
2484188
2375777
1988727
2998699
2470790
2476222
2475966
2522092
2586790
2352722
2583807
1993554
2586850
2310370
1974197
2585324
2338076
2586414
2333665
2432411
2430128
2539992
2476116
2395931
2997627
2999837
2477929
2475654
2479834
2407044
2511264
2586909
2568814
2589052
2513416
2500846
2573459
2479347
2574094
2589468
2447621
3009100
2573247
3009081
2531188
2447695
2505052
2569434
2481591
3003690
2557461
2281723
2339483
1903015
2429279
2569729
2511370
2586714
3010729
3011057
3006148
2998501
2998011
2997794
2566864
3002166
2438758
2588655
2570436
2498389
3000242
2575120
2571809
2255190
3008804
2571569
2998854
2575117
3006408
3010486
3006555
2511302
2997479
2571464
2446706
3007869
2569863
2573062
3000295
2573012
2574121
2573133
3001455
2584441
2589564
2572671
2476155
2588485
2561279
2569355
3002659
2572870
2563023
3002879
2588460
2997475
2566455
2584481
2483573
2566456
2538178
2479562
2570674
2529446
2580930
2006602
2448218
3008489
3002116
3008471
2569344
3000379
2581696
3001807
3003811
3000381
2589738
3000529
3001033
2996979
2574203
3004276
2568537
2587035
2476131
2475988
3008738
2539988
2462944
3008683
2575621
2565951
3008084
3001425
2588173
3004454
2571460
3003078
2566730
3002424
3003404
2575010
2998695
3003772
3001976
2568104
2997134
2538533
2588774
3001374
2560842
2503501
2573997
3002059
2502140
3002115
3002305
3000087
2585287
2570171
3007817
2585381
2278635
2499800
2589384
2540544
2503908
2447694
2282970
2563816
2584002
2480722
2572211
2439519
2337432
3002605
2476855
2429566
2342032
2504533
2488371
2998761
2305638
2579761
2319163
2468622
2579904
2339450
2482008
2476523
1995804
2481405
2566758
2589741
2565262
3000823
3002493
2526211
3002315
3010964
2537841
3010487
2588528
2557981
3005579
3001909
3002088
3006117
3006188
2587514
3010730
3000534
3008076
3001801
3002616
2481675
3002030
2571575
2571445
2406621
2573173
2001478
2535651
2382651
2476633
2282710
2367346
2513470
2283158
2382806
2345927
2448523
3003287
3003006
2229352
2544250
2283055
2541606
2216904
2203743
3005484
2574036
2525876
2447625
2570848
2998647
3000075
2439429
2574250
3000174
2578571
2997752
2997335
3000144
2574997
3001498
3002182
3008207
2589298
2564863
2585384
2573939
3010483
2496275
2458154
3008487
2496205
3010959
3000484
3004291
2587196
3004329
2565665
2574935
3002094
2861565
2346135
2587429
3006494
2447372
3010156
3008713
2338044
3002108
2901508
3002555
3007885
2568089
2999013
2997747
3009095
2573876
3002917
2573169
3002650
3000702
3008122
2570532
2589924
2574468
2585609
2567998
2588184
2587285
2583683
2586814
2589744
2571992
2572389
3006891
3001105
2587137
2588402
2584428
2998125
2571795
3008851
2586839
2584514
2589208
2566969
2570004
3009087
2570818
2574336
2516823
3009480
2428928
2434287
2564854
2570960
3001981
2588196
3010564
3010562
2497788
2584287
2536690
2280672
2481601
2008344
2573545
1971890
2440364
2589379
2574721
2588113
3000202
2588386
2584510
3008734
3000527
3001644
3004244
2573326
2483303
3008379
2574046
2563040
2587642
2573798
3010619
2575318
2587218
3008063
2574457
3010851
2569895
2567999
2584530
2574035
2573944
2576900
2499805
2571200
2586871
2477375
2429254
2472421
2337892
2999211
2479186
2574996
2580283
2430129
2278912
2998442
3007837
2481033
2581209
2564591
2472422
2475068
2217723
2274767
2440687
1976084
2281135
2469575
3009961
2574284
2998209
2565901
2477526
3000543
2428979
2583985
2538209
3001782
2587479
3010480
2568321
2587365
3008172
2999371
3010008
3002621
3008070
3002406
3009139
3002343
2573300
3010728
3009275
2500840
3010971
2998225
2999877
2996992
3002334
2999878
2999875
2587710
3001302
2470911
2500307
2506729
2439354
3001291
2587606
2479084
2569643
2446823
2476374
2479257
2583729
2378024
2573140
3002214
2484305
3001408
3001690
2481081
2587293
2584688
2478109
2997694
2997005
2571970
2569121
3002436
2588079
2585906
3002349
2575440
2571608
2584508
2574471
2588448
3001882
2587752
3008432
3008060
2571580
2570530
2583412
2560371
2281971
2466146
2472029
2310349
2202264
2202283
3002100
2526563
2403083
2423494
2524004
1959172
1868964
1841664
2566039
1884631
2319224
1605926
1876974
1769065
1997824
1989195
1846980
2278803
2520161
2581541
2520164
1560124
2222403
2576668
1773504
2423711
1842278
1782801
1766388
1424451
1571394
3000802
3004322
3006970
3009943
3010932
2585308
2997300
3008066
2588077
3010633
3002451
2588498
3005856
2997091
2583665
2588073
2506129
2573499
3008744
2584734
2998403
2575552
2998955
2562647
3009944
3001314
2999401
2573151
2572539
2587755
2570735
2587417
2475568
2570122
2564883
2602259
2341886
2572884
2544193
1997541
2558897
2998112
3003274
2589624
3000508
2999168
3005482
2997110
2587413
2584028
2572819
2344990
2480032
2568784
2588401
2478270
2999801
2997975
2426524
2587280
2998292
2551881
2565633
2586314
2587480
3001292
2281525
2474748
2583431
2513249
2544988
2582149
2574469
2587609
2339453
1865387
2248146
2440655
2335909
2568097
2376938
2529374
2568165
2574421
2581259
1998242
2376321
2558000
2479111
1913807
2571270
1631038
2287734
1993125
2567477
1995805
2478978
1842209
1844409
2426781
2574729
2584465
2574709
2483578
3003008
3002815
2575463
3001977
2587797
2997111
2564225
3008740
3001339
3000824
2584063
3003996
3001312
2589612
3010738
2573792
3009717
3005718
3001763
2584597
3002481
2998443
2998323
2998782
3010963
2997772
3009510
2998547
3007641
2525873
3009094
2584531
3004332
2999175
2585660
2570881
3004294
2589350
2573211
2999205
2571290
2588123
2439168
3007232
2530271
2575326
2569504
2563542
2573292
2479120
2555723
2447583
2932689
2570868
2480157
2349486
3001693
2588646
2999849
2587215
3002583
3010560
3010079
3004289
2570058
2565312
3005608
2588213
2587988
3001261
3003812
2563548
3003055
2551847
2575152
2586849
2998199
2478128
2475071
2371834
2479695
3010629
3009135
2589838
2575571
2588832
2998877
3002306
2538376
3005437
2573168
2589010
3009507
3009473
2589610
2998013
3005930
3005575
2515603
2572528
2590044
2997226
2999134
3003850
3006183
2532409
2573379
2460429
2584354
2476286
2474816
2544241
2588595
2997754
2497836
2589586
2588627
3008309
3003053
2588465
2479102
2563811
3004176
2571599
2540144
2474875
2319242
3009504
2585568
2585589
2566386
2588515
2997597
2568409
3008674
2563150
2588108
2536673
3002311
2572976
2564453
2997135
2448469
3004270
3006510
2564892
1905473
2319240
3008855
1960404
2478110
3001483
2574166
2999316
2998066
3008849
2587163
3007570
2322347
2476205
2584697
2572483
2293480
2571386
2472908
3002316
1993213
1871583
1988130
2228291
2524567
2447785
3005578
2587115
2583386
2476853
2568600
2588116
2316044
2568565
2483823
2331420
3007111
2477378
2540253
2203696
2998399
2575553
2998070
2499272
2574358
2586580
2574663
2507202
2556785
3007909
3005267
3011002
2999893
3007477
3010996
3008834
3001738
3002453
2283951
2466235
3006392
3001096
3009462
3001285
2480081
2587482
3001493
2572415
2480186
2588818
2376224
2563412
3008976
2547084
2587541
2572531
3002222
3006492
2530336
2589837
2997329
2553921
2540224
2476698
2575584
2584726
2564718
1984610
2584141
2386888
2475751
2480721
1923952
2472859
2575300
2585527
2571329
3007928
2480910
3005317
2498442
2589560
2589547
2477411
2997191
3001699
3000319
2589873
2530283
2499486
2329495
2522776
3000701
2008372
2571193
3006495
2515600
3001344
2589334
2585591
2587114
2511251
3000999
2538260
2561260
2337611
2483334
2448285
2337528
2571743
3000998
2568411
2570438
2324622
3010834
2515602
3000284
2569108
2587981
2377951
2479470
1999351
1874375
1968048
2462687
2540260
1877380
3001949
3004248
3005961
2586537
2572438
2556897
2570173
2496699
2479693
2587940
1987609
2460467
2474874
2283003
2324785
2430056
2376856
3005945
2350589
2203088
2502006
3011001
2585719
2999881
2575676
2568465
3002277
2478224
2208886
2588944
2589204
2997575
2528007
3003134
2405033
2568313
3007743
2572985
2589262
3000821
2530610
2403454
2562737
2477684
2523713
2565707
2589910
2404551
2569215
3007748
2480289
3009154
3000942
2504632
2565646
2476121
3005418
2476119
2563805
2484154
2479265
3000706
3003001
2574201
2507161
2477352
2516860
1433498
1600107
895715
1031452
922940
10119334
585008
798629
818888
911453
1579728
7015034
572715
899238
3002044
3002441
2588258
3004273
2584722
3001540
2998336
3006996
3002374
3001551
3002390
2587221
2587465
3002511
2574178
2589403
3002398
2589588
2405168
2587250
3006953
3001503
2585571
2585523
3002447
2572912
2997702
2587252
2588287
2569625
3010999
2999147
3002672
2474851
2997333
3007269
2565007
2999866
2472898
2536678
2512400
2589012
2574845
2575198
2584716
2476115
2476118
2564706
2570161
2479455
2552952
2566414
2324906
2533631
2566743
2538301
2467596
2341954
2585510
2335738
2341958
2372805
2478017
2429995
1902962
2203070
1963867
2329233
2319011
1890205
1907388
1867142
1871491
2433838
2002391
2540197
2263532
1884739
1898347
1992191
1986455
2476684
2446595
2570824
2998538
2403545
2462801
2483237
2329263
2477602
2500381
3002078
3001265
